5.770189992768166576e+00 -1.846880035095090022e+01 -4.022738567140840615e+01 -4.472420869685024059e+00 -1.427838786606066890e+01 -3.527072787746700300e+01 -4.903905212031204286e+01
7.757072308655011739e+00 -1.628972853780165053e+01 -3.872923088903036160e+01 -2.299696006513357815e+00 -1.278616645484459724e+01 -3.405834288546275701e+01 -4.863025960557646954e+01
1.398281352107591147e+01 -1.115634382669997393e+01 -3.529380826382444525e+01 2.688095119191203253e+00 -6.937125441598219311e+00 -2.946742367425647302e+01 -4.741510133660719362e+01
1.398281352107591147e+01 -1.115634382669997393e+01 -3.529380826382444525e+01 2.688095119191203253e+00 -6.937125441598219311e+00 -2.946742367425647302e+01 -4.741510133660719362e+01
1.398281352107591147e+01 -1.115634382669997393e+01 -3.529380826382444525e+01 2.688095119191203253e+00 -6.937125441598219311e+00 -2.946742367425647302e+01 -4.741510133660719362e+01
1.398281352107591147e+01 -1.115634382669997393e+01 -3.529380826382444525e+01 2.688095119191203253e+00 -6.937125441598219311e+00 -2.946742367425647302e+01 -4.741510133660719362e+01
1.398281352107591147e+01 -1.115634382669997393e+01 -3.529380826382444525e+01 2.688095119191203253e+00 -6.937125441598219311e+00 -2.946742367425647302e+01 -4.741510133660719362e+01
1.398281352107591147e+01 -1.115634382669997393e+01 -3.529380826382444525e+01 2.688095119191203253e+00 -6.937125441598219311e+00 -2.946742367425647302e+01 -4.741510133660719362e+01
1.398281352107591147e+01 -1.115634382669997393e+01 -3.529380826382444525e+01 2.688095119191203253e+00 -6.937125441598219311e+00 -2.946742367425647302e+01 -4.741510133660719362e+01
1.398281352107591147e+01 -1.115634382669997393e+01 -3.529380826382444525e+01 2.688095119191203253e+00 -6.937125441598219311e+00 -2.946742367425647302e+01 -4.741510133660719362e+01
1.398281352107591147e+01 -1.115634382669997393e+01 -3.529380826382444525e+01 2.688095119191203253e+00 -6.937125441598219311e+00 -2.946742367425647302e+01 -4.741510133660719362e+01
1.398281352107591147e+01 -1.115634382669997393e+01 -3.529380826382444525e+01 2.688095119191203253e+00 -6.937125441598219311e+00 -2.946742367425647302e+01 -4.741510133660719362e+01
1.398281352107591147e+01 -1.115634382669997393e+01 -3.529380826382444525e+01 2.688095119191203253e+00 -6.937125441598219311e+00 -2.946742367425647302e+01 -4.741510133660719362e+01
1.398281352107591147e+01 -1.115634382669997393e+01 -3.529380826382444525e+01 2.688095119191203253e+00 -6.937125441598219311e+00 -2.946742367425647302e+01 -4.741510133660719362e+01
1.223331323606049637e+01 -1.225590625169667192e+01 -3.568687606911100829e+01 1.513540579763983374e+00 -7.807983619775292539e+00 -2.958851217251775978e+01 -4.696891608828308762e+01
3.002809909408711064e+00 -1.665898475713913740e+01 -3.920834744019877860e+01 -2.458376710237104135e+00 -1.747968911650188772e+01 -3.810257782775476443e+01 -4.840411182868392359e+01
-6.909651664552711736e-01 -2.002149670005999127e+01 -4.046627010959140591e+01 -5.924090251493275616e+00 -2.107500672700375333e+01 -3.907097900632919618e+01 -4.736651245783865960e+01
-1.648879980004707591e+00 -2.077344788234692885e+01 -4.058368618166891650e+01 -6.686345886670167715e+00 -2.197661766692404228e+01 -3.927136649809035163e+01 -4.689104684144217572e+01
-2.961692572642277810e+00 -2.177551996666476697e+01 -4.076016143586009122e+01 -7.814992738717492671e+00 -2.317693938215570171e+01 -3.960099959229247446e+01 -4.638906729030541953e+01
-3.488874952875505642e+00 -2.227873620444042757e+01 -4.096462307585611740e+01 -8.354107365856307865e+00 -2.355967909563825913e+01 -3.970876648419823596e+01 -4.640294642718494345e+01
-1.059989426859770845e+01 -2.779082995937809386e+01 -4.244556874024811322e+01 -1.417285367725203571e+01 -2.873833495004419092e+01 -4.193345005337592823e+01 -4.520839359536984148e+01
-1.518764268259872097e+00 -1.881153084503343820e+01 -3.732170697755110211e+01 -4.977604801321902528e+00 -2.090940515256016852e+01 -3.743036691851121844e+01 -4.493794367319895855e+01
-1.060936225296700286e+00 -1.916146712890453330e+01 -3.760865158151045762e+01 -5.389697572387042612e+00 -2.071788563854472187e+01 -3.700623271696581895e+01 -4.487650937004783458e+01
-3.024254721843732341e+00 -2.103612362590708074e+01 -3.871589769319485441e+01 -7.329045239403853884e+00 -2.250226820009200424e+01 -3.814389972795027006e+01 -4.510473518394104531e+01
-1.444025881299552339e+00 -1.888855313997593299e+01 -3.732533389126311363e+01 -5.170104036233595934e+00 -2.089671074972058307e+01 -3.779941801445057337e+01 -4.500533063612293461e+01
-2.542321735023961082e+00 -1.923433209558540113e+01 -3.789684109990045613e+01 -5.500080117982612649e+00 -2.183690082404588395e+01 -3.934348153432760853e+01 -4.605669456268566364e+01
-2.623200414861287300e+00 -1.890491201126397414e+01 -3.759491473667475248e+01 -5.242221000441624312e+00 -2.171198833264471517e+01 -3.947981289933832727e+01 -4.618429072501533739e+01
1.067919900703799385e+00 -1.492126114335640352e+01 -3.545814801941793348e+01 -1.175238860111662120e+00 -1.830189988791279632e+01 -3.810153161317806791e+01 -4.629985594168662288e+01
1.518794139332868554e-01 -1.501437319348074340e+01 -3.535244813073587977e+01 -1.052188591663920647e+00 -1.862763124995471742e+01 -3.944309086057337765e+01 -4.654959897255152157e+01
8.654573668044349688e-01 -1.273200958279544182e+01 -3.378887160872396578e+01 6.503639719572191780e-01 -1.793405113068824619e+01 -3.962350841669911006e+01 -4.661136055176267234e+01
-7.946388641236509898e+00 -2.206913103331511650e+01 -3.878135952943834752e+01 -9.660943298571915250e+00 -2.538166301165840366e+01 -4.221955919497113996e+01 -4.614169007540597534e+01
-7.630116674070634986e+00 -2.185037747143328346e+01 -3.885151739664232906e+01 -9.398985791935658085e+00 -2.513618235060634731e+01 -4.228512138444045121e+01 -4.640364815606877613e+01
-7.679709703089166339e+00 -2.201111245185455800e+01 -3.913993413941454946e+01 -9.499635043910295451e+00 -2.516616467722360539e+01 -4.250591409862789760e+01 -4.670766122564246103e+01
-7.941762094583680209e+00 -2.253431756701894528e+01 -3.968358493141909094e+01 -9.928823058732852758e+00 -2.539722687101654230e+01 -4.276145348745997410e+01 -4.690090513683060180e+01
-7.309503244642684194e+00 -2.236333889233737438e+01 -3.992056089240812611e+01 -9.612906289391290215e+00 -2.490094804189181588e+01 -4.260233628311368648e+01 -4.720882933390711855e+01
-9.252423277483650566e+00 -2.434173695313145203e+01 -4.067516796919169053e+01 -1.160694460188198462e+01 -2.625726553725967705e+01 -4.291766172079351804e+01 -4.669917539780173144e+01
-8.107155952419603295e+00 -2.508824965749980151e+01 -4.073055617186453503e+01 -1.239121401184004867e+01 -2.487353173290578923e+01 -4.035465196539336574e+01 -4.540210826611952655e+01
-5.354864373136038580e+00 -2.410944167801322635e+01 -4.052288307103386700e+01 -1.103900895288121831e+01 -2.195358401310571850e+01 -3.812573751665922117e+01 -4.484756425338129304e+01
-1.110209698363746611e-01 -2.049011079230881194e+01 -3.856292967174897512e+01 -7.350239004305976209e+00 -1.718133267207339543e+01 -3.423325326021878112e+01 -4.358513636627484544e+01
5.284080009493408170e-01 -2.034887742613506134e+01 -3.835263735916323213e+01 -7.353382016503587693e+00 -1.644165184752866082e+01 -3.301127939395035327e+01 -4.273441129367924418e+01
2.680706615912541224e+00 -1.818434827958687094e+01 -3.752682383664924259e+01 -5.348932471778944375e+00 -1.504241991245736898e+01 -3.245826548925118971e+01 -4.311169618532257175e+01
8.263750797932232217e+00 -1.260851456527157666e+01 -3.499377869051795642e+01 6.394133791896194907e-02 -1.042013145948598662e+01 -3.044537949330118920e+01 -4.295228234186470218e+01
1.143032908223010224e+01 -9.636775310082491330e+00 -3.330311346196158695e+01 2.995928927250290030e+00 -7.145899280634914419e+00 -2.848856228520161693e+01 -4.203626623351382818e+01
6.749195422244469000e+00 -1.493638129747250076e+01 -3.560936608714495577e+01 -2.524926970975883478e+00 -1.142316863975931795e+01 -2.884959070749841459e+01 -4.022229993924526070e+01
7.373635212547583251e+00 -1.444169149722119982e+01 -3.532617727650030304e+01 -2.019532175421630882e+00 -1.084515940565923131e+01 -2.844244381458143067e+01 -4.020556615710183479e+01
3.491868125856143479e+00 -1.778430138324689835e+01 -3.665983310382507199e+01 -5.357841115488987782e+00 -1.425895362685414369e+01 -3.026207188924208680e+01 -3.966930688207840205e+01
-4.484373367844305847e+00 -2.436666884489898166e+01 -3.896283590432069843e+01 -1.255172455828528655e+01 -2.124897330164529308e+01 -3.318840890447197012e+01 -3.868815830143439882e+01
-9.689057426972517817e+00 -2.828734921878009345e+01 -3.995361187547088377e+01 -1.716631324829074146e+01 -2.554015084569501681e+01 -3.444114495540470955e+01 -3.744544543748811094e+01
-1.394221492401369744e+01 -3.150373467172947528e+01 -4.060478688508774781e+01 -2.112403810281038830e+01 -2.870700077981112486e+01 -3.488872796929537401e+01 -3.627132196049567625e+01
-1.570684479905521158e+01 -3.206534546950719999e+01 -4.088451610455408769e+01 -2.191684769087380857e+01 -3.025455767374420901e+01 -3.619422699306322500e+01 -3.688384094517897438e+01
-1.550069458188951899e+01 -3.111413389495444903e+01 -4.096738354555185424e+01 -2.078244515376023571e+01 -3.056215534304584480e+01 -3.772641224925098413e+01 -3.831540219386472756e+01
-1.360119719064991273e+01 -3.086571266412603620e+01 -4.029466924882248691e+01 -2.033281275695905777e+01 -2.826455604426256230e+01 -3.419114676809004294e+01 -3.596372452649358564e+01
-1.666582788103411161e+01 -3.213119994097147725e+01 -4.043482556813330575e+01 -2.196353333420991305e+01 -3.098124788854291012e+01 -3.637667775192362285e+01 -3.585876021892200072e+01
-1.761164419906002365e+01 -3.162534314681562364e+01 -4.059629615686073123e+01 -2.140808909561538087e+01 -3.206586143896942076e+01 -3.879772104024648627e+01 -3.749941970268552183e+01
-1.551931729844465480e+01 -2.960093771080883585e+01 -4.048546886213549101e+01 -1.884507737401430916e+01 -3.066630529835430252e+01 -3.949073352967370454e+01 -3.933106664217003612e+01
-1.451434031616015119e+01 -2.822656378245027042e+01 -4.022921656756007280e+01 -1.721153095865889782e+01 -3.001382291078746789e+01 -4.042379219351808217e+01 -4.087247722509103198e+01
-1.175300971354241142e+01 -2.595306624500912562e+01 -3.967293689348350227e+01 -1.469157837520616994e+01 -2.802470124944396446e+01 -4.003954826493664143e+01 -4.200429632795582791e+01
-1.216728908063488035e+01 -2.559636781315357013e+01 -3.962121066286321991e+01 -1.430312137654482996e+01 -2.847504678820512680e+01 -4.143612769584771627e+01 -4.316560404286751407e+01
-1.127006877541498397e+01 -2.533088044537197447e+01 -3.969864882894722768e+01 -1.389030486808444209e+01 -2.774581237609838524e+01 -4.098632245916350314e+01 -4.353641144039062283e+01
-1.071863642898198066e+01 -2.528518732661682833e+01 -3.985001711434816940e+01 -1.365622650425077467e+01 -2.722661174230736947e+01 -4.083193975816187304e+01 -4.416469817217715388e+01
-5.425680949769059680e+00 -2.212290532895529793e+01 -3.887811833374462367e+01 -9.900817758028573223e+00 -2.305396085436090914e+01 -3.765032454892085667e+01 -4.429155455097451721e+01
-2.442526328782548717e+00 -1.954015846921481625e+01 -3.775198723885184648e+01 -7.111873647286344635e+00 -2.046861261262364451e+01 -3.669184865880480118e+01 -4.485116737240401363e+01
-8.069983597647052420e-01 -1.855033680049755418e+01 -3.714256984108970983e+01 -6.164087405282486998e+00 -1.899111403794472608e+01 -3.554988166732527333e+01 -4.481070172210333169e+01
1.248520049996059811e+00 -1.766640822131006416e+01 -3.684608796168216571e+01 -5.163986978409738526e+00 -1.705683119435342121e+01 -3.403598518135478201e+01 -4.468568648059324744e+01
-5.103521741780241427e-01 -1.907736117496439476e+01 -3.756473136044707672e+01 -6.602613151484121090e+00 -1.884172322713554593e+01 -3.538493813716362268e+01 -4.523327513686766110e+01
9.744822872469569575e-01 -1.732133189917868066e+01 -3.689009050858597050e+01 -4.864485708266229835e+00 -1.788048577863499133e+01 -3.531975545598443489e+01 -4.555577355404399498e+01
-5.201926411352459922e+00 -2.267520440495159306e+01 -3.980510867103437533e+01 -1.024945148369246084e+01 -2.384613811162556374e+01 -3.956626206185795525e+01 -4.681155850319785827e+01
-5.325045924420869881e+00 -2.111104264834740718e+01 -3.852617046212252205e+01 -8.755897568485082161e+00 -2.449807723974147677e+01 -4.113418949504382027e+01 -4.694605954669255254e+01
-5.569570245452766244e+00 -2.142777914137350592e+01 -3.899936873792690051e+01 -9.058270924166691884e+00 -2.524796193794075805e+01 -4.186404443698342703e+01 -4.698089325389402404e+01
-4.193440241530218771e+00 -1.817493167856126490e+01 -3.691981195170998831e+01 -6.011646040096081833e+00 -2.399514549436612043e+01 -4.225455701355097204e+01 -4.682362475171066762e+01
-5.300659894176185105e+00 -1.960501024164960882e+01 -3.762043265479621112e+01 -7.300475191210104242e+00 -2.479144210027504869e+01 -4.243001308482114098e+01 -4.646665002177810777e+01
-2.737857752910215936e+00 -1.954898270873648869e+01 -3.845185511786566934e+01 -7.034678515363992801e+00 -2.362145338029658603e+01 -4.104248296016760378e+01 -4.631340571834759601e+01
-4.626228652640371308e+00 -2.160906502835247522e+01 -3.945000639979870982e+01 -9.070915872761560195e+00 -2.553785943349711118e+01 -4.168145858223816447e+01 -4.580206961997726012e+01
-2.186553239414124050e+00 -2.142904210766927520e+01 -4.008936144351960706e+01 -8.674045894905063392e+00 -2.376740645393731910e+01 -3.996357908529078173e+01 -4.619939106580915933e+01
2.759366430393868086e-01 -2.102808771071154581e+01 -3.986609573113586436e+01 -8.226407676151808346e+00 -2.167623081437353960e+01 -3.739823358887593230e+01 -4.610883840195170791e+01
4.179412527147917444e+00 -1.767643075959490062e+01 -3.740939168932931125e+01 -4.861892311671951461e+00 -1.810899940661649765e+01 -3.450226955692773601e+01 -4.502227217060632825e+01
8.013621788109048794e-01 -2.035267671093204456e+01 -3.819358469273412027e+01 -7.702367366960920947e+00 -2.149979721392676879e+01 -3.603631913400290188e+01 -4.439799615965565494e+01
-3.606453269865937727e+00 -2.528789905499770896e+01 -4.010322874411559013e+01 -1.296463222278575955e+01 -2.471314436362972344e+01 -3.637186223195745072e+01 -4.359916451150165528e+01
-5.488275318968739214e+00 -2.668601235829029861e+01 -4.028794929184709162e+01 -1.459062098859021006e+01 -2.588328842961387011e+01 -3.662873906203772378e+01 -4.306776384753943887e+01
-6.829556614557084515e+00 -2.806957227782673669e+01 -4.075208436380678734e+01 -1.589061541388831245e+01 -2.671505559701910215e+01 -3.698328811227153778e+01 -4.272663530225324280e+01
-1.289281567462426636e+01 -3.175491917532468733e+01 -4.133813254651458635e+01 -2.026987808874570618e+01 -3.174616037770790911e+01 -3.981978092908346412e+01 -4.203086669792570262e+01
-1.421058595881289932e+01 -3.208148485706286124e+01 -3.985964001740745033e+01 -2.055780850539886018e+01 -3.256848397002028861e+01 -3.960407815602364678e+01 -3.980179930673246247e+01
-1.700276776959011471e+01 -3.367407071127705365e+01 -3.943632690389446083e+01 -2.294276919149494631e+01 -3.399302202666638095e+01 -3.980401314012117808e+01 -3.867778914304928861e+01
-1.761372017625961206e+01 -3.424117241548989199e+01 -3.923189659726944001e+01 -2.384598646160156932e+01 -3.411424023060830280e+01 -3.943979554076194916e+01 -3.810868400034345171e+01
-1.898288472404769323e+01 -3.503085055135166925e+01 -3.924092765182324172e+01 -2.476805650701301431e+01 -3.538022360015570911e+01 -4.017859601330154362e+01 -3.767687084122860597e+01
-2.359528120580235111e+01 -3.750541789900901790e+01 -3.939966571517975069e+01 -2.853483429925036319e+01 -3.870216981192193373e+01 -4.192663742832664298e+01 -3.736526180121118301e+01
-2.567628179041966519e+01 -3.793477432478315592e+01 -3.780589565368346427e+01 -3.031734222997912553e+01 -4.007598682183707695e+01 -4.208984366271744193e+01 -3.583141269254674910e+01
-2.768403090946048195e+01 -3.833731252426436953e+01 -3.599953642162365242e+01 -3.225756210171520877e+01 -4.075198498499404565e+01 -4.128367855607767467e+01 -3.389263848364379328e+01
-3.264778595880211753e+01 -3.828350632935301689e+01 -3.158568053704121326e+01 -3.572219152055296121e+01 -4.271049875839618437e+01 -4.052328050780299407e+01 -2.943140506522540534e+01
-3.262620675146685301e+01 -3.865202835849800067e+01 -3.207178582159514235e+01 -3.594274739307450517e+01 -4.272261865118201740e+01 -4.055508785422906470e+01 -2.978114386136236647e+01
-3.534523714027516661e+01 -3.870928061695690303e+01 -3.027956874540176102e+01 -3.768969413641565325e+01 -4.379427081139446898e+01 -4.051937796814151227e+01 -2.779415085306217037e+01
-3.408263982682910864e+01 -3.926468789618699873e+01 -3.218058317595912854e+01 -3.714218830802970928e+01 -4.330340021876762080e+01 -4.082265590677634037e+01 -2.952782502241710461e+01
-3.189512614113805000e+01 -4.090856149309800571e+01 -3.641136376249730233e+01 -3.659161949436499128e+01 -4.230493336674658167e+01 -4.143805682334163265e+01 -3.297186881176487105e+01
-3.158391235057919744e+01 -4.173689184240406291e+01 -3.773328792260770115e+01 -3.703298688581203635e+01 -4.135054332966112156e+01 -4.075468674581934181e+01 -3.339449494529431206e+01
-3.379931388709452733e+01 -4.231794873208039576e+01 -3.603844688125261086e+01 -3.909140756352260837e+01 -4.178904191774653754e+01 -3.967296859501119144e+01 -3.086339301759300469e+01
-3.364635558342121158e+01 -4.299040817718618257e+01 -3.698172219075622991e+01 -3.939815086586101245e+01 -4.123033693275183253e+01 -3.925761757956752263e+01 -3.059278997489225560e+01
-3.165039002888330089e+01 -4.338715429318348527e+01 -3.588586011940870435e+01 -4.007899952921059139e+01 -3.739893558784965677e+01 -3.520682755169382716e+01 -2.767652674198956220e+01
-2.666941539008044515e+01 -4.243245611843971687e+01 -3.680242613480160685e+01 -3.742322182597369817e+01 -3.272020856909026065e+01 -3.247300441734306986e+01 -2.834532037048857944e+01
-2.450297865271492981e+01 -4.186426357511184904e+01 -3.727457963765546367e+01 -3.608406169720039713e+01 -3.125338025616957793e+01 -3.206741197489394324e+01 -2.853622566502534852e+01
-2.646966965935997962e+01 -4.230331967787039105e+01 -3.570095011302102250e+01 -3.781496246801140870e+01 -3.200561506407623824e+01 -3.158016617275080762e+01 -2.592990872154242510e+01
-2.548343745152610040e+01 -4.231839730606655792e+01 -3.710095477529456787e+01 -3.694350155854682782e+01 -3.206467282695906107e+01 -3.229624725836697507e+01 -2.744430555569299202e+01
-2.622948693522867103e+01 -4.303125598996260237e+01 -3.836539700681964860e+01 -3.743237668856110645e+01 -3.354072213436282368e+01 -3.398518311639214318e+01 -2.863028879683915306e+01
-2.849227396089594322e+01 -4.179482215547424317e+01 -3.155666409969195740e+01 -4.012919332046449483e+01 -3.161361997785845546e+01 -2.921770794606761967e+01 -1.990342880426408101e+01
-3.107730534305638059e+01 -4.094496245885336805e+01 -2.792835553329741316e+01 -4.165908821472868340e+01 -3.246385544191247163e+01 -2.838050169048086246e+01 -1.539810625215935858e+01
-3.440163850128419654e+01 -4.213452826611910496e+01 -2.970699782452317095e+01 -4.224270414495462944e+01 -3.771816024420726876e+01 -3.301719865213623706e+01 -1.760993484633878126e+01
-3.567268077252869318e+01 -4.133857220673156974e+01 -2.770364097258413949e+01 -4.303501786850222288e+01 -3.759052868029515082e+01 -3.199977135019022967e+01 -1.598356850708218957e+01
-3.636818754730231262e+01 -4.157554903096627896e+01 -2.821408449730471091e+01 -4.300620452881710065e+01 -3.880697173603646633e+01 -3.315947469578399875e+01 -1.658272273277384556e+01
-3.709933780471509124e+01 -4.232123530760254937e+01 -3.039570230772160642e+01 -4.234404392833192787e+01 -4.110589753364472188e+01 -3.601985737806747778e+01 -1.923513694794974782e+01
-3.595638678977112335e+01 -4.308996211633720463e+01 -3.276300734811717064e+01 -4.132189513769380085e+01 -4.153201911415958136e+01 -3.740228348713121420e+01 -2.115275748072257045e+01
-3.537816168819502138e+01 -4.351195541580454318e+01 -3.617103377848380319e+01 -3.951084824209728197e+01 -4.312994039565481330e+01 -4.040280918490881135e+01 -2.487038759186211223e+01
-3.518762645116913745e+01 -4.360393108177294152e+01 -3.704743714667878862e+01 -3.904225205492369355e+01 -4.344523922176749409e+01 -4.118352404951694723e+01 -2.620211725707307693e+01
-3.110235952791960301e+01 -4.396125016875886615e+01 -4.253370765304904211e+01 -3.602098687380168940e+01 -4.239186498357892674e+01 -4.354967944374857325e+01 -3.453581406048446922e+01
-3.027216712664353793e+01 -4.411077492032922009e+01 -4.345215761439997948e+01 -3.570118603552499792e+01 -4.185979390149682899e+01 -4.369906094682573894e+01 -3.509840239543386531e+01
-3.112024732986989761e+01 -4.448434775389460327e+01 -4.304689039415445251e+01 -3.665796934703817556e+01 -4.188213167768620337e+01 -4.324416301977764476e+01 -3.417027402725918961e+01
-3.542649583930914758e+01 -4.425205880253015778e+01 -3.924655948862962163e+01 -3.925352586336892813e+01 -4.359955368524586561e+01 -4.224593756579606207e+01 -2.880547692763548184e+01
-3.695371247068858622e+01 -4.331484959567900006e+01 -3.666843659551496160e+01 -3.966955966143570578e+01 -4.409127371196532863e+01 -4.149094539613359700e+01 -2.575178948288228753e+01
-3.814043466191633058e+01 -4.284805925918690406e+01 -3.500750536479126396e+01 -4.024815544906521581e+01 -4.459916386086477758e+01 -4.113117058980142815e+01 -2.431041168303561051e+01
-3.737857747259379693e+01 -4.251466746924754148e+01 -3.538719208155009710e+01 -3.913642046406125274e+01 -4.434279509185039103e+01 -4.135853276441126525e+01 -2.493286780127633051e+01
-3.652282988297127275e+01 -4.192202049445197076e+01 -3.477385641643006409e+01 -3.814713134078236578e+01 -4.370347554578410154e+01 -4.084559704192437124e+01 -2.493036621690878007e+01
-3.704848994317738686e+01 -4.168099020861743043e+01 -3.534804259476863564e+01 -3.760787959475869968e+01 -4.444818646667775397e+01 -4.190342414351554368e+01 -2.644540594111853693e+01
-3.644817282079542764e+01 -4.245366912550061045e+01 -3.673960963688643488e+01 -3.783925342419063043e+01 -4.409955755177207237e+01 -4.188582554861456941e+01 -2.787662789761465376e+01
-3.286612249982537293e+01 -4.313067625025748697e+01 -3.768825321262107764e+01 -3.777872362436488629e+01 -4.101749521664718401e+01 -3.953215969089978188e+01 -2.850440630645318407e+01
-3.412121792074118787e+01 -4.410086847552770450e+01 -3.766055848427890140e+01 -4.057611181315034798e+01 -4.054297097374411862e+01 -3.761142265430606813e+01 -2.850020654994516178e+01
-3.232468688874151042e+01 -4.466283391244179768e+01 -4.120469252474043742e+01 -3.843810636737551079e+01 -4.044056958991502171e+01 -3.956697171181204453e+01 -3.272858644161927799e+01
-3.150934375967365497e+01 -4.509300683047393221e+01 -4.403189502379906628e+01 -3.734554643150066511e+01 -4.113058932367777487e+01 -4.218272739263314008e+01 -3.614672907728778029e+01
-2.907188337580183912e+01 -4.493681220849785518e+01 -4.583944602287321146e+01 -3.584572661377341518e+01 -3.993767947376235838e+01 -4.252058613430588707e+01 -3.891280308178970415e+01
-2.500933640042111961e+01 -4.311820763018509695e+01 -4.636128329800247627e+01 -3.271927183117955451e+01 -3.700047485604305564e+01 -4.172323076779796480e+01 -4.054242442394360779e+01
-2.181707864271753294e+01 -4.152586493081662411e+01 -4.656984481650641072e+01 -3.044560119841994350e+01 -3.449086235631015285e+01 -4.078760063968621097e+01 -4.165770357627023657e+01
-2.201032564853941409e+01 -4.140392072520150180e+01 -4.634149642789502366e+01 -3.041510912537332700e+01 -3.436859002559914700e+01 -4.069241040152722633e+01 -4.129959503099420459e+01
-2.259974799625649666e+01 -4.218852091528560777e+01 -4.613317300027530621e+01 -3.159543940594657840e+01 -3.469576895025623742e+01 -4.028789512380714655e+01 -4.067537823486392767e+01
-1.995238263607328122e+01 -4.042193379710764134e+01 -4.634945614029112448e+01 -2.897002812096820890e+01 -3.278896996535726061e+01 -4.033683496158543846e+01 -4.208358888242219109e+01
-2.252196710065169327e+01 -4.217177939675835319e+01 -4.586035370311895321e+01 -3.169853380370965112e+01 -3.425959722351652204e+01 -4.018823367294776006e+01 -4.052463425097644745e+01
-2.567530939583738814e+01 -4.401010275663071525e+01 -4.457317898285808155e+01 -3.536336372541327933e+01 -3.583981533426127442e+01 -3.915747387899376264e+01 -3.797417595003007307e+01
-2.749941279188661269e+01 -4.431980139552623399e+01 -4.422276556502445999e+01 -3.577420958557259212e+01 -3.782512937904015615e+01 -4.009255786546592049e+01 -3.684281474670839174e+01
-2.996335015060446239e+01 -4.455801769036217763e+01 -4.273947620517549950e+01 -3.691641899934216298e+01 -3.975616444745364930e+01 -4.028791882211176301e+01 -3.440765810982563266e+01
-2.852852926233466491e+01 -4.387012072013698116e+01 -4.400123316937705908e+01 -3.496343495263708689e+01 -3.949024103513655604e+01 -4.133094406379937169e+01 -3.618703571663142782e+01
-2.947006197579935360e+01 -4.405106205837624600e+01 -4.341470726307959183e+01 -3.557562866634523857e+01 -4.027426593361195728e+01 -4.131228121351636418e+01 -3.525462336090610904e+01
-2.708540523897704588e+01 -4.325751977372314627e+01 -4.482324698203008495e+01 -3.349062528773627889e+01 -3.937046756285120352e+01 -4.209823817352036457e+01 -3.761218755355774590e+01
-2.735531648812908401e+01 -4.370021507691727436e+01 -4.462533440099784343e+01 -3.425949002502292728e+01 -3.937055832138366185e+01 -4.162804447427040344e+01 -3.718441243865412105e+01
-2.696103384240814904e+01 -4.349741182431908726e+01 -4.493653004895300995e+01 -3.363715344959038589e+01 -3.956884046698789348e+01 -4.208942612799733496e+01 -3.779531089386582465e+01
-2.988945293395002523e+01 -4.442707766615022535e+01 -4.226600331622132245e+01 -3.650728102869954483e+01 -4.098792950044203565e+01 -4.044215130250144341e+01 -3.369776169067939975e+01
-3.334886842159812659e+01 -4.476227462451436168e+01 -3.790561403489014225e+01 -3.968583614432016304e+01 -4.229381365394666403e+01 -3.796755799339862136e+01 -2.839658323738666468e+01
-3.498327931322034345e+01 -4.472468324926966687e+01 -3.646829854910933477e+01 -4.084552306507382013e+01 -4.295004315318082888e+01 -3.757633473155616599e+01 -2.644872166979041594e+01
-3.458042564507604766e+01 -4.482119291711806852e+01 -3.631715613001050258e+01 -4.101038758898075542e+01 -4.270608867826953770e+01 -3.716540745704919857e+01 -2.646402413152157607e+01
-3.476072798732707980e+01 -4.525052785468793104e+01 -3.521663970684861056e+01 -4.242718563862100467e+01 -4.203617094621055372e+01 -3.519051741989592585e+01 -2.520944677430673408e+01
-3.436348458518453697e+01 -4.485989454157046907e+01 -3.325262942314766690e+01 -4.315699735708035689e+01 -4.089137140834245088e+01 -3.301554037470511815e+01 -2.341238027145577405e+01
-3.430027250636767633e+01 -4.469624500424851021e+01 -3.276200099726715109e+01 -4.307274393073240049e+01 -4.100648247097861088e+01 -3.292324362194247556e+01 -2.301842125604842693e+01
-3.405260215930899648e+01 -4.453669771090052620e+01 -3.341977051498936646e+01 -4.211698722019212937e+01 -4.152512132382858567e+01 -3.389415292424202164e+01 -2.360372911016431630e+01
-3.335863955489055854e+01 -4.440669352422909810e+01 -3.269399584303306483e+01 -4.229230636445082325e+01 -4.074734931020847029e+01 -3.277935842214248652e+01 -2.274030159132122719e+01
-3.260443725523624181e+01 -4.474346845758824998e+01 -3.388701793621073222e+01 -4.193523302165438338e+01 -4.060339964202371732e+01 -3.315764473705456084e+01 -2.384501642684239897e+01
-3.170039072414836312e+01 -4.525139968487220443e+01 -3.569710332908515227e+01 -4.167605066791610113e+01 -4.056311585162483624e+01 -3.368284795180468905e+01 -2.458182887942246708e+01
-3.084248749003502610e+01 -4.412829136425108345e+01 -3.671431424904979934e+01 -3.866995895284050277e+01 -4.103588745962387208e+01 -3.578242587757340232e+01 -2.538516168867958811e+01
-3.115554748852421341e+01 -4.508510721217290040e+01 -3.658826452862024325e+01 -4.040998961970502279e+01 -4.089576930845240099e+01 -3.469019112727006160e+01 -2.526606238730688148e+01
-3.139282857258059067e+01 -4.567742213703689913e+01 -3.647943081095476003e+01 -4.157658973289086646e+01 -4.049568186746461151e+01 -3.330436850413815364e+01 -2.502739165721936843e+01
-3.759411702907564035e+01 -4.082004125061197897e+01 -2.463505619795462565e+01 -4.170397907872312970e+01 -4.164924718832911310e+01 -2.970061293907130562e+01 -1.562231525568621038e+01
-4.072422998774697334e+01 -3.450228353335543119e+01 -1.171112052713359475e+01 -4.228973671999372641e+01 -3.995438258199157389e+01 -2.450251617157942974e+01 -5.726522951735972811e+00
-4.182754325687075436e+01 -2.940865958957452619e+01 -2.540657725832033975e+00 -4.201718248572031200e+01 -3.792629963966222562e+01 -2.060420463166730087e+01 1.090565273548122605e+00
-4.226112422833426763e+01 -2.879342940117490457e+01 -1.280584239100562627e+00 -4.246084026830823177e+01 -3.744086718711317019e+01 -1.984887078618240253e+01 2.813907340620318109e+00
-4.247718651188223760e+01 -2.297048237766856005e+01 8.730222101351372999e+00 -4.163904935823634901e+01 -3.430210212607246945e+01 -1.551762567478781563e+01 1.035252630567248389e+01
-4.138508677038574035e+01 -2.100146955596694909e+01 1.220095957473304793e+01 -4.101669759172293084e+01 -3.152029887984981116e+01 -1.396415188779160133e+01 1.228091852846944221e+01
-4.161760172410421887e+01 -2.172841971646480630e+01 1.095357819292505042e+01 -4.120891114817143119e+01 -3.230672321156944804e+01 -1.471801398617533607e+01 1.166963153104367734e+01
-4.094642159612753574e+01 -2.151698555655256229e+01 1.072949212399279872e+01 -4.055744710886912685e+01 -3.200808247732505407e+01 -1.475271621563409497e+01 1.170929637758169406e+01
-4.044242555925807636e+01 -2.060563515133840440e+01 1.266547209225404913e+01 -4.057984022349015163e+01 -3.046579469571361187e+01 -1.353373923944288748e+01 1.314220160599178655e+01
-4.054173368614608819e+01 -2.377690164329477795e+01 7.919078881432852768e+00 -4.214461623529841461e+01 -3.152081611433794706e+01 -1.546488444504650772e+01 9.856700059102934119e+00
-4.108251793756353720e+01 -2.428575619650644057e+01 6.752426380407541728e+00 -4.239906180454420337e+01 -3.260701811386472571e+01 -1.643932517592875797e+01 9.446427859334647792e+00
-4.136532694609146432e+01 -2.013777804072934430e+01 1.332833411543840896e+01 -4.118953265262920382e+01 -3.073926824885887754e+01 -1.374443640853948523e+01 1.380290322590951746e+01
-4.030444846500860478e+01 -2.350514199194279286e+01 8.011723886090265978e+00 -4.191524746918602062e+01 -3.113965700439690210e+01 -1.532249739806207600e+01 1.026605701334524667e+01
-3.997264923683253812e+01 -2.510450247919757771e+01 5.367121797749732082e+00 -4.218929818606973470e+01 -3.183939992349178993e+01 -1.653511758137543808e+01 8.684080083321532584e+00
-4.003437292115795287e+01 -2.393187553475054585e+01 7.297320840644417217e+00 -4.190340738479044802e+01 -3.134612925033358266e+01 -1.557613330109040817e+01 9.738215188205089134e+00
-3.919328821113853678e+01 -2.686971450696154307e+01 2.131404607033289267e+00 -4.218136227039285302e+01 -3.244208869094951808e+01 -1.788933050388340007e+01 5.778531304879194863e+00
-3.949704914346932583e+01 -2.379791016990088792e+01 7.751186254273392251e+00 -4.197269834741835837e+01 -3.064229062855928731e+01 -1.501913074675118054e+01 1.034462189495313567e+01
-3.836276518895184751e+01 -2.481658256958734654e+01 5.729927564838448006e+00 -4.234399893753126776e+01 -2.942493082558711137e+01 -1.549166823105093727e+01 9.376925119041629841e+00
-3.895926471496305510e+01 -2.442589958109714132e+01 6.051587030544425261e+00 -4.235371857097787540e+01 -2.981506642901403836e+01 -1.561779599914826377e+01 9.549910016381488731e+00
-4.087830791336816105e+01 -1.824044712776032640e+01 1.414348397839185623e+01 -3.988376774349397635e+01 -3.100978087019461071e+01 -1.399098243578752232e+01 1.551096949741587139e+01
-4.114722951765481440e+01 -1.738925905337856648e+01 1.533955072143554332e+01 -3.974037894215050670e+01 -3.087166480081659614e+01 -1.364606223197269941e+01 1.670777898485297897e+01
-4.120551582342885411e+01 -1.791251034997607405e+01 1.465636179977914821e+01 -4.006262171592860000e+01 -3.087538637926198959e+01 -1.370516795087158357e+01 1.636734693350740599e+01
-4.124042761574023075e+01 -2.155377851008752543e+01 9.142984861574390720e+00 -4.109094094935461783e+01 -3.252260540647586140e+01 -1.606991101939993172e+01 1.346342410856465222e+01
-4.131013931320276811e+01 -2.172317544985126858e+01 8.841721231477364995e+00 -4.150415780414253675e+01 -3.221887212093140818e+01 -1.558294699071549161e+01 1.387978710355633893e+01
-4.065644443389670926e+01 -2.219402335727447451e+01 7.620221047270860026e+00 -4.139769239912075705e+01 -3.178612092913325426e+01 -1.532150166691263138e+01 1.381714816769533627e+01
-3.987284523159937066e+01 -2.475925571915639267e+01 3.999009133202932276e+00 -4.202487881423877525e+01 -3.182581394566008015e+01 -1.616611287460255397e+01 1.124573733712024648e+01
-3.974630191096642307e+01 -2.242982798198515582e+01 7.066200714066283695e+00 -4.120637693051133255e+01 -3.081170286623846266e+01 -1.418867629177702838e+01 1.357607790762892819e+01
-3.899791665710668553e+01 -1.962654890022228926e+01 1.098625878797986388e+01 -4.004808610238260513e+01 -2.936562654433961228e+01 -1.192933856861321118e+01 1.689980168773996638e+01
-3.955737656732846119e+01 -1.718203829661653259e+01 1.379313886349430618e+01 -3.945115111413408471e+01 -2.936091547197206353e+01 -1.133281871723291090e+01 1.901369215899599396e+01
-3.880772283042836079e+01 -2.002165561193360332e+01 9.812416080379833261e+00 -4.023766359187509778e+01 -2.933007169527437696e+01 -1.253573970146896244e+01 1.609251805370435306e+01
-4.067012688395239195e+01 -1.538448830794893496e+01 1.532472918224337377e+01 -3.890851076276794629e+01 -3.059997783117857750e+01 -1.187420367191108994e+01 2.095892046887949789e+01
-4.061210916175078012e+01 -1.629821500756605701e+01 1.414531003457356917e+01 -3.908717478810662982e+01 -3.097318070781140875e+01 -1.243661733004258707e+01 1.982128734854882168e+01
-4.081996627628352314e+01 -1.510481287961254537e+01 1.559086609006193669e+01 -3.872564291297700834e+01 -3.090394735722789221e+01 -1.186541326252356754e+01 2.127331025451947255e+01
-4.161411128636037660e+01 -1.051671829291925064e+01 2.104578314558247598e+01 -3.724088029593630012e+01 -3.052944610395202574e+01 -1.058266950499088210e+01 2.457857260736771821e+01
-4.172575475368586240e+01 -6.754924025925852504e+00 2.556300211258617594e+01 -3.572925896594465200e+01 -2.990162389677919919e+01 -9.228436733136611281e+00 2.770134057659009841e+01
-4.207501601778611899e+01 -8.945531520342399290e+00 2.270289789467159380e+01 -3.663652556113025582e+01 -3.078892753916338876e+01 -1.054695501558519766e+01 2.584560902632702550e+01
-4.226481058592180773e+01 -3.980523295583836330e+00 2.853114534439069416e+01 -3.504855468857433465e+01 -2.966258612987398635e+01 -8.783202455983264656e+00 3.014282863761434328e+01
-4.070679339563695720e+01 -2.453966137777196366e+01 1.819529401621366560e+00 -4.177145114230690126e+01 -3.334189213045618061e+01 -1.796313275813310639e+01 1.138868844764942878e+01
-4.128932085731275237e+01 -1.779782174112620652e+01 1.040698209258425777e+01 -3.903563768820824720e+01 -3.295302080793005928e+01 -1.498962891456393720e+01 1.862851888213239704e+01
-4.173365941930423872e+01 -1.713072431923046679e+01 1.233248635126716408e+01 -4.050695617352432265e+01 -3.132527885716228866e+01 -1.580164382651737043e+01 1.928771512305719682e+01
-3.919318534734752291e+01 -2.177358334982238830e+01 6.495056061896008259e+00 -4.204810987488043139e+01 -2.903676123596939362e+01 -1.600132656179316371e+01 1.508938226739682875e+01
-3.850245794279044276e+01 -2.653129234128263647e+01 -1.034007689387905771e+00 -4.255562720867443716e+01 -3.149352090154074801e+01 -1.983869840468656776e+01 9.194810873804655671e+00
-3.761812259018152815e+01 -2.680455990520251675e+01 -7.540206093737253923e-01 -4.270347053306158358e+01 -3.079721778266298315e+01 -2.012951930327163552e+01 8.935848862949654858e+00
-4.041431123129819980e+01 -2.328296566539447099e+01 5.056667390963909270e+00 -4.272749290815369250e+01 -3.121709202057652988e+01 -2.059625358418854546e+01 1.094006974443762203e+01
-4.356854278359946875e+01 -2.822995587053043209e-01 3.619773746594994179e+01 -3.477377151719937842e+01 -2.616639973555302134e+01 -1.322635841574036419e+01 3.171241733460375656e+01
-4.158608800474026168e+01 1.158542034313659030e+01 5.089949770282309771e+01 -2.862278240216652136e+01 -2.113156707005386181e+01 -8.454277411279633725e+00 4.264398665080815931e+01
-4.103710040530058478e+01 1.482704968896007358e+01 5.415423407402894895e+01 -2.688318814198542839e+01 -2.036238383571560462e+01 -7.629632730045294409e+00 4.523584431281899754e+01
-4.247459377081078458e+01 4.917929806308521279e+00 4.239912035957480896e+01 -3.103660241793684094e+01 -2.431053825299261462e+01 -1.183861294880569659e+01 3.652880684468790662e+01
-4.252025151334569841e+01 2.467606372525082747e+00 3.849137714399762444e+01 -3.101758354631017767e+01 -2.555084143697523302e+01 -1.351549242885087665e+01 3.327126254501483515e+01
-3.979759796521440762e+01 -3.105399983864002422e+01 -7.561949916976921315e+00 -4.076534784152112678e+01 -3.771594576071232296e+01 -3.084748932047611447e+01 -6.013937000670921407e-01
-3.839761672704474194e+01 -3.565751904409665229e+01 -1.737641641989296915e+01 -4.039071204801349779e+01 -4.032262273254603713e+01 -3.422610493520301134e+01 -7.325357524858446823e+00
-3.810077833846963813e+01 -3.431629290350804240e+01 -1.788009777329954630e+01 -3.839938490445771890e+01 -4.117834725619568559e+01 -3.484395290818596891e+01 -7.034144901847042775e+00
-3.630536706907677313e+01 -3.609107461192663635e+01 -2.347317725865104876e+01 -3.679530734448142937e+01 -4.215813968253836919e+01 -3.674189021909061381e+01 -1.191549807924742765e+01
-3.700117109993927755e+01 -3.006157394070547184e+01 -1.638525230088953322e+01 -3.389178166488694899e+01 -4.158164035494433364e+01 -3.422804555364238155e+01 -6.360424658912933182e+00
-3.633552439817425750e+01 -3.192159818930106496e+01 -2.023452117975881492e+01 -3.350487666155790833e+01 -4.227023081753856104e+01 -3.552078759462918356e+01 -1.011335903458553531e+01
-3.506301842822119852e+01 -3.557984151693901254e+01 -2.576443241050456123e+01 -3.410019257067743581e+01 -4.278129886979634477e+01 -3.753851976185946882e+01 -1.474089879662425773e+01
-3.565063117826773009e+01 -3.499091426208936184e+01 -2.453046309490329691e+01 -3.433866024892731161e+01 -4.280511802700847568e+01 -3.717677035892665316e+01 -1.390002451861781907e+01
-3.470517533949099942e+01 -3.648099428085532026e+01 -2.686526354666813177e+01 -3.428947263169953175e+01 -4.291925598232295158e+01 -3.801625839636142956e+01 -1.596029006411417583e+01
-3.189682307332964228e+01 -4.059703669105734036e+01 -3.403769307735978344e+01 -3.475612263548157443e+01 -4.240468002573737749e+01 -4.008977846440981097e+01 -2.283648044188407056e+01
-3.090255849012218192e+01 -4.146961708743803143e+01 -3.577246761104934336e+01 -3.480151658240170320e+01 -4.198492205288324897e+01 -4.052978615521035977e+01 -2.503117635561049781e+01
-3.045135722839589221e+01 -4.195684979981488993e+01 -3.671915996489011746e+01 -3.493562004028459000e+01 -4.160241760104480591e+01 -4.042543483432237394e+01 -2.601944631921189455e+01
-3.448542787501435214e+01 -4.064634607435577607e+01 -3.271179532116238420e+01 -3.661627331035207789e+01 -4.343090620571306459e+01 -3.978776985541584565e+01 -2.235426953730551958e+01
-3.575762905361516175e+01 -3.934432131394846976e+01 -3.133906102281355288e+01 -3.629156955712372223e+01 -4.400991764468662382e+01 -3.951811997605764049e+01 -2.228712101223863584e+01
-3.841271033047888750e+01 -3.592746525235057931e+01 -2.509457808407891832e+01 -3.649754667044567924e+01 -4.413192811511760283e+01 -3.807376126012972151e+01 -1.791350348701159589e+01
-3.849418797899373601e+01 -3.571800956961750018e+01 -2.528315404039958736e+01 -3.602117175310483788e+01 -4.425835075852127432e+01 -3.876397264778106688e+01 -1.899157835157625129e+01
-3.932706148399500989e+01 -3.313824215002897233e+01 -2.188284023675990397e+01 -3.521464598764613640e+01 -4.389005385452776409e+01 -3.793440155472396214e+01 -1.714702557165648500e+01
-3.891185260564901682e+01 -3.443306176261358331e+01 -2.423490657135964454e+01 -3.525964873691731327e+01 -4.423689623111958014e+01 -3.914573024257158096e+01 -1.942980883521889268e+01
-3.849517080446138806e+01 -3.221399809349260579e+01 -2.166139226939502294e+01 -3.377199792599826367e+01 -4.345147089052452571e+01 -3.815611037985780740e+01 -1.793508758871337960e+01
-3.759743289657823340e+01 -3.145110081773381694e+01 -2.182587309090183680e+01 -3.237566456379543922e+01 -4.305578598045185856e+01 -3.863974021052486307e+01 -1.885678897325021808e+01
-3.681475996950457841e+01 -3.011113411402105555e+01 -2.102706217869258865e+01 -3.102851613617441728e+01 -4.234330167056063488e+01 -3.837499659544651820e+01 -1.917406338041359248e+01
-3.677476366966727994e+01 -3.054936432874074370e+01 -2.158948674003400470e+01 -3.117621540213966114e+01 -4.251508085128958214e+01 -3.875493474672049388e+01 -1.939170303574900345e+01
-3.589831193388607034e+01 -3.052442492991509226e+01 -2.255181091437619045e+01 -3.040672582197957752e+01 -4.225658920851851263e+01 -3.928171748465788227e+01 -2.085592642386579598e+01
-3.619919518371267486e+01 -2.998551038474506925e+01 -2.120230631010468159e+01 -3.047006030627208162e+01 -4.243801385921760527e+01 -3.941009916039180894e+01 -1.953653796853133429e+01
-3.652538237391078724e+01 -3.354953453045386880e+01 -2.557339395083727140e+01 -3.246459646972947155e+01 -4.387072979568847586e+01 -4.122759327872279300e+01 -2.219675285529551445e+01
-3.592961759512935060e+01 -3.559871344196862708e+01 -2.809315718227222192e+01 -3.338595221043983940e+01 -4.442197451645832729e+01 -4.219375575681756629e+01 -2.331930934579595771e+01
-3.567134030199071759e+01 -3.850020506035564694e+01 -3.146067523077734052e+01 -3.511171452238977508e+01 -4.502296833580966506e+01 -4.274397474381095208e+01 -2.456206040571631632e+01
-3.629981805393651939e+01 -3.744097402233009575e+01 -2.937922570491706864e+01 -3.503462475947259946e+01 -4.499303533588192749e+01 -4.207315574846172268e+01 -2.249444403246756963e+01
-3.643678134142795244e+01 -3.535412517044400715e+01 -2.557174591908933792e+01 -3.462223775874239351e+01 -4.435583478339786012e+01 -4.081212935932305186e+01 -1.901196826750618385e+01
-3.669981468709033834e+01 -3.485829851377551591e+01 -2.420145625411806378e+01 -3.493194635409835058e+01 -4.409374078553055654e+01 -4.008026153892699739e+01 -1.721108903326160089e+01
-3.592883977134824391e+01 -3.467535657500209823e+01 -2.406201006752154825e+01 -3.461749579502269114e+01 -4.369039769964095399e+01 -3.975774212387263162e+01 -1.688985890065972484e+01
-3.529027349251997236e+01 -3.439966010764261739e+01 -2.404160405940845635e+01 -3.407096221927639590e+01 -4.335294321861401556e+01 -3.952328347558777466e+01 -1.654370511964386736e+01
-3.295824033927356567e+01 -3.768333096505029545e+01 -2.976768625838051463e+01 -3.434353404672661725e+01 -4.335065574594560189e+01 -4.088898279868273278e+01 -2.075657373568306241e+01
-3.109238876651983929e+01 -3.829104504915272855e+01 -3.270824339218532373e+01 -3.304358683286039877e+01 -4.286373550224689666e+01 -4.159317950808375031e+01 -2.398367635820753208e+01
-2.878535844883143113e+01 -3.946084925566425028e+01 -3.604533509161667837e+01 -3.234225854065624617e+01 -4.188659190973233137e+01 -4.178317211094446293e+01 -2.691909251772321454e+01
-2.879317457668764746e+01 -3.920700407084282801e+01 -3.614874404632969629e+01 -3.188822976954275390e+01 -4.178281170930895883e+01 -4.199410971961206940e+01 -2.752760128717909538e+01
-2.891872037874976797e+01 -4.022203761205147998e+01 -3.761471670912416698e+01 -3.245416725735215380e+01 -4.158385042695560685e+01 -4.208651868101947002e+01 -2.892562615203253529e+01
-2.722478000677605081e+01 -4.069065737404310568e+01 -4.025809176991683813e+01 -3.163371733726854984e+01 -4.054361741499982941e+01 -4.248793732777266285e+01 -3.193748464246064600e+01
-2.565757666537243153e+01 -3.917635961329415295e+01 -4.079278286914471607e+01 -2.922981814659505062e+01 -3.947052289949208159e+01 -4.298449549923624602e+01 -3.365518192267101938e+01
-2.519951791090126392e+01 -3.859197198319593269e+01 -4.045475967962399722e+01 -2.862292139754261200e+01 -3.912348027185705490e+01 -4.293719650986767533e+01 -3.335777101905090092e+01
-2.527275720370037959e+01 -3.711031522546775108e+01 -3.910148578992198054e+01 -2.770877437247061437e+01 -3.906774466478900365e+01 -4.298546611134256068e+01 -3.258461962529388245e+01
-2.455763121593997766e+01 -3.638655328020932700e+01 -3.911308112086423705e+01 -2.668816050692289110e+01 -3.831135791680954128e+01 -4.292033155190392080e+01 -3.294401005107254576e+01
-2.570565937320046146e+01 -3.685757583586817532e+01 -3.877822322760631835e+01 -2.768509247984436428e+01 -3.884421637148118833e+01 -4.288934440832941419e+01 -3.249293289159960807e+01
-2.016799805557458569e+01 -3.482319329358483628e+01 -4.098091292567843169e+01 -2.359661297815642911e+01 -3.508946437889402148e+01 -4.274167798686313091e+01 -3.714764041995658772e+01
-1.852140911686778679e+01 -3.332066078979147505e+01 -4.098590477044816538e+01 -2.172614760602758821e+01 -3.393362966289136295e+01 -4.291641693556012171e+01 -3.882509882819802982e+01
-1.782823336405915171e+01 -3.330852444335944540e+01 -4.118097438787231823e+01 -2.163312302189010694e+01 -3.333142406716113726e+01 -4.259236444282208822e+01 -3.950171588736846218e+01
-1.784487379801770146e+01 -3.211909110247388810e+01 -4.071269956668854206e+01 -2.064452366466257160e+01 -3.361772681690872844e+01 -4.352056323796831094e+01 -4.068682799038386122e+01
-1.536044371906936590e+01 -2.988977346362884191e+01 -4.037798162028846605e+01 -1.796877613716119981e+01 -3.204515564894911250e+01 -4.361193908450638901e+01 -4.226375684733614690e+01
-1.427821251921797341e+01 -2.926040729309805499e+01 -4.042615149031797728e+01 -1.726225906514812891e+01 -3.121257406350710539e+01 -4.327192897829183948e+01 -4.269762337098185867e+01
-1.354139687561962546e+01 -2.952306231973915374e+01 -4.118587558695226392e+01 -1.736061721818014547e+01 -3.060174894016475378e+01 -4.288182121418830661e+01 -4.336688435754721382e+01
-1.507073771708567023e+01 -3.094679462202053344e+01 -4.176066776799468983e+01 -1.886402219061973540e+01 -3.214250139247768345e+01 -4.342632780314666974e+01 -4.320234803012242963e+01
-1.473700394236795574e+01 -3.068800570313531750e+01 -4.175739967397992558e+01 -1.846311783542319063e+01 -3.148498804453121380e+01 -4.316574880630135169e+01 -4.315494561356201331e+01
-1.497390315308612685e+01 -3.056580987670300686e+01 -4.160743542839766462e+01 -1.822483268940293044e+01 -3.163422521554882394e+01 -4.328495426105259725e+01 -4.293525591791603802e+01
-1.377078492144158872e+01 -2.951938811346597191e+01 -4.133866649597486287e+01 -1.667539245801125247e+01 -3.054143397480601152e+01 -4.262885676371856647e+01 -4.261052102035853295e+01
-1.842848215366115738e+01 -3.234679903222153996e+01 -4.150207822107078215e+01 -2.029321385513325282e+01 -3.393926730163146743e+01 -4.372843459253919463e+01 -4.100279837751199352e+01
-2.784166474144421954e+01 -3.653722114615050742e+01 -3.852497425506439299e+01 -2.762932574476151615e+01 -3.932591098345103831e+01 -4.321666084147412334e+01 -3.401034231220477011e+01
-2.824368626683715888e+01 -3.610744209115394199e+01 -3.778194921022839026e+01 -2.728620619477627685e+01 -3.949966033103536489e+01 -4.312704014425813170e+01 -3.294688062073538504e+01
-3.024882108888732546e+01 -3.722753348189895206e+01 -3.663596226888056151e+01 -2.952580701195202550e+01 -4.073681652864982539e+01 -4.240794172243320759e+01 -3.012341451164894579e+01
-3.441693204323280497e+01 -3.853482209793734370e+01 -3.233663631368722946e+01 -3.435777053271741011e+01 -4.255101559906847797e+01 -4.007205545385327383e+01 -2.326131246374774264e+01
-3.682297431127778253e+01 -3.527691869544931080e+01 -2.563495410284782139e+01 -3.478595706664565768e+01 -4.261661313807255169e+01 -3.777733978656698355e+01 -1.773969614999478495e+01
-3.814360144920679829e+01 -3.572904806574456416e+01 -2.481534557429168331e+01 -3.662236219315030894e+01 -4.284258921336554948e+01 -3.709432973299834657e+01 -1.665456428329316196e+01
-4.115808687651775699e+01 -3.359314923398577690e+01 -1.685852554019745497e+01 -4.073145681126766249e+01 -4.036748672269756355e+01 -3.197901656047498165e+01 -1.032533423201961398e+01
-4.238874050187579456e+01 -2.759537994935497096e+01 -5.560028326975768209e+00 -4.110178691520758321e+01 -3.586537782041560263e+01 -2.507273503011280980e+01 -2.287977061209076624e+00
-4.274130287005795026e+01 -2.663941285597740460e+01 -3.751187967605090989e+00 -4.101153700243677491e+01 -3.570070921446515655e+01 -2.479829217253924867e+01 -1.405972721998097086e+00
-4.302987785191881898e+01 -1.870153527479999411e+01 7.814942639516402778e+00 -3.879593059952076572e+01 -3.190422240214701333e+01 -1.915584892387956018e+01 7.642940282724993040e+00
-4.286700255442896434e+01 -1.977038818641049289e+01 6.699240954577007301e+00 -3.961995520095201329e+01 -3.117469240211612203e+01 -1.873988806865125412e+01 6.483551091180132175e+00
-4.163861167269935493e+01 -2.554508667349201545e+01 -1.318336054882067288e+00 -4.157696391980654482e+01 -3.160501671502089494e+01 -2.061066796731983430e+01 6.204062002139210108e-01
-4.109178178166537521e+01 -2.557747231950760636e+01 -2.047146574189042667e+00 -4.060493637890110108e+01 -3.239544528819669722e+01 -2.102691046560204313e+01 5.245287012682666727e-01
-4.060525610380485517e+01 -3.187715265806141929e+01 -1.408393592499304248e+01 -4.095527637140921229e+01 -3.704931480219060091e+01 -2.715752591581844655e+01 -8.506807462110792528e+00
-4.149181303601541515e+01 -3.163084413782182480e+01 -1.416895530535018821e+01 -4.064858592841110863e+01 -3.864661558958916032e+01 -2.859732091374696950e+01 -8.824642971851396567e+00
-4.218688843781049513e+01 -3.202586150061640780e+01 -1.471793685036916344e+01 -4.119027475426520368e+01 -3.929600497951632576e+01 -2.896483276487595049e+01 -8.401943771700679520e+00
-4.105172046776505113e+01 -3.437565061157718560e+01 -1.862726271521881216e+01 -4.175618285235530891e+01 -3.902432744027836264e+01 -2.854549079908289144e+01 -9.695748954655918794e+00
-4.019890848846848996e+01 -3.608461531439571957e+01 -2.165694101763669011e+01 -4.191238730947914348e+01 -3.933386908844499175e+01 -2.914879704584989639e+01 -1.157137760545386840e+01
-3.782444557264069829e+01 -3.885778039382024218e+01 -2.771086776373022076e+01 -4.120224845677588377e+01 -3.961933932519659862e+01 -3.079983199964546259e+01 -1.610913986950642851e+01
-3.883195047175134107e+01 -3.756620347318018105e+01 -2.512033184576823430e+01 -4.166050148802921882e+01 -3.991798840358327993e+01 -2.975191587669920068e+01 -1.310807973815535377e+01
-4.022607591020440054e+01 -3.641931410639116962e+01 -2.335280606588159458e+01 -4.173425895737611313e+01 -4.178931159628153580e+01 -3.075147355591499121e+01 -1.182862747095359168e+01
-3.947959191258153311e+01 -3.443849048953781988e+01 -2.302315367731329587e+01 -3.887325044448415667e+01 -4.346571466043695864e+01 -3.262565854017887546e+01 -1.249523047174760393e+01
-3.883198685122022198e+01 -3.376472821758609655e+01 -2.343222188676305962e+01 -3.726447118721185348e+01 -4.372295023700517902e+01 -3.412106645094922186e+01 -1.366161496010628440e+01
-3.755417242495549601e+01 -3.463279107336533968e+01 -2.632413521832373249e+01 -3.583025485277403988e+01 -4.354902253219341901e+01 -3.598654775513843873e+01 -1.658174320290129344e+01
-3.603720153245778590e+01 -3.396394456284885166e+01 -2.740140474590852193e+01 -3.366512854154464662e+01 -4.282636030872990318e+01 -3.725619029560520801e+01 -1.826625354779995547e+01
-3.584252188795201732e+01 -3.366092983949764061e+01 -2.704760501499752934e+01 -3.340049844575137428e+01 -4.265113582006591031e+01 -3.708460499124012699e+01 -1.785259412682244573e+01
-3.599823896896833730e+01 -3.354154458411974815e+01 -2.666897015407307947e+01 -3.356356835705148001e+01 -4.262155844215270406e+01 -3.676561032908062998e+01 -1.733357414027819488e+01
-3.553927047712957688e+01 -3.421081924580409606e+01 -2.817297636973368924e+01 -3.341631051318206147e+01 -4.259110680379906455e+01 -3.751551114854363789e+01 -1.864529493403384919e+01
-3.448041789745671792e+01 -3.434640019307807535e+01 -3.006997823626640809e+01 -3.225714145100772612e+01 -4.215136091362149529e+01 -3.892369069837240403e+01 -2.110023063941721944e+01
-3.311506605876278542e+01 -3.469325915742278710e+01 -3.268541484570364730e+01 -3.096758949193753097e+01 -4.167462106925488285e+01 -4.074630167252101387e+01 -2.466403951820062446e+01
-3.312008591178046402e+01 -3.430354977452918774e+01 -3.191584027513837896e+01 -3.089199972374701986e+01 -4.153982330840386084e+01 -4.035032448122671411e+01 -2.379667693066581080e+01
-3.117002752785903397e+01 -3.416071201618602515e+01 -3.419491232713033213e+01 -2.909874357410950552e+01 -4.063468268868311384e+01 -4.177549567962358168e+01 -2.730607763005132682e+01
-3.180768776755847682e+01 -3.402437335490068193e+01 -3.306907190529661733e+01 -2.959531841801984342e+01 -4.078931072608892805e+01 -4.113919040020791584e+01 -2.569453291117789462e+01
-3.127895677375168049e+01 -3.394662523178566005e+01 -3.360337327322215373e+01 -2.915813654658867193e+01 -4.044658936848082220e+01 -4.144147749754193200e+01 -2.653848435878486356e+01
-2.869071182658576902e+01 -3.252795961594675589e+01 -3.530392393820265795e+01 -2.626137104711438752e+01 -3.881993412587191017e+01 -4.294096235435543463e+01 -3.027035294410286781e+01
